111111111118. Ἴ lx

81111111. 4) Quodsi 111111111118111111111 1111811111, 1111 11111111111111 1111
1111111111]11118111111111111111111·111111111111111111,(111111111111111111111111,
1111111111111111111111111111111111 11111111111111111111111111111111111111111 1111111
11111111111111.1111111111111011811115)1111111111111111111111111
(F6660611011 66' 11 111 11811111111111111111111111)1111111111111111
11111111, 11111 11111 ¹11 1111811111 11111111111·1111111111 1111811111111111111111111
1111111111111 1111111111 1111 111 111111 1111. 1111111111 11111 1111111111 script 11111
11111111111111 11111111, 1111111111111111 ,1111111 111111111111111111 1111111111 1111111111
111111 11·(111 ·1111 11111 111111 11111111, ὓ111 1111 111111111111111111 Codicum 11111111
1111111111111,(111111111111111111111,111111111·11111111111111(11.Ε11.1111111111
1101. 1),1111 11111 111111111111111111111011811111111111111 crediderim,
(1111111111118111111111111(1(11111111111111111111111, (1111111111111111111111111111111111-
1111, 1111111111 1111111111 (1111111 061111 111111 1111111111 1111111111] 1111111111 11811111
11111,1111111,11111111111111111111111(111111111111111111111111111111111111111111
111111·111111111,118·111111111 10: H66106666911161106011100 (616,
1111111111111111111111181111 169 10666109 6666160 1116 6661669, ὡς
1111 6019 0610606 0109 001691 1111111111 669· 611 111 1111 16661669 166630601
6611 '019 01109, 1116 111111111111181 1111111 061109 6111110111',1011 11’1111’111111111
660 61166611160116616 111111111111111111111, 11111111111Ἐ111111111111111,
111011110 1111111 ’1111111111 111111 1111111 111111 11111 11111111111111111111111-
111 1111111111· 111 Clemente 1111)ῑ ‘H 106 6106 60066 11111111 81111111
111111 6011069 τρόπους· 11111111111111111181811111111,’11’11111111111
1111111111,11111111111111111111110111111111,1811111119111681111· 6161
10616116666, 1110101606161111610 666611'01, 616066061'6 1111111111,
111111111111111111111111, 1111111111 1106006 666669, εἰς 6¹00 06-
1111 0610601666111166666, 6611 666061116 01110601016 6116660 66166 ⁴
6016016 169 ὁράσεις, 1106 0611 1111111 (1111111111181111111111111111

(11111111111111111811111111 606601 111111111111111 601106116601- ¹ ·

1111111 616 τοὺς 11111111 66119 666616 666 ἐκ 61666016 ’1111611111 1111-
66061'06 600611066666601,1 6111166111 11111 6606, 6601 119 66169166 106
06100166 11111111111111111111,1181111111 1111111 6666‘01111910-
0666 τὸ 1111 61669 τοῦ 11111) 669 0661161666111 16 6616, (11111- .
66910611066960611666666011110111166. (111) 1·118111111111111
606601 1111111111 66061 1611 11111, 69 μόνος 1111116111 1111118111-
1111111111) 66661011, 1661'611 661069 ὀφθαλμοῖς 601666601‘ 6669 661
11111111111111111111111181111 6666. u16011160001 11·(1111111111111111-
111111111111111811 6106001, (1111111111118 16910610 6101661666,‘666
66669 φανείς, 1111111111(1111111111111181111111111111111 166666161
1161110606160666019 16 669 636669’1 1111111111 661601616111169' 11( τοῦ
1111111111111111111111111181( 1111111( 11) 11111111 1111111181
1111111111, (11111111 111 111, 11111 (1111111181111111111111 111-1111111111 1111111111
6169 1111111νῖ) 1111 111111111111111(1,1111111111111111· (111111111111 111(1. 11).
(1111111111111111111111 1111111111111 1111111111111111111111(111113), ,111
11111111111·111111111111,111111111111111111(111111111111181111“11111111ιί111-

1)]11111111111111111111111111,1111111111- 5)1(111111Ε11111111111’3
1111111811( 111111 11111111 11111111111111118111 11111111111111111111111111 1, 18 111.
11111111·111111 11111111(111111111111811111111111111111 11 111,
1111111853 11.31]11111,1)1111 1111 11116.

 

