666 11101111 1000111111 55111511111411 8401011111.

1111, 12, 22.

- 13} 27.

- 16,10·-12.
- 16,13.

- 16,15.

- 17, 2

- 17,16.
’- 17, 19,

=- 15, 23.

. 20,

- 20, 46,

- 22, 32.

- 23, 34.

. 24, 35-40.
.. 24, 39.

24, 44. ,

1511. 1, 1 sqq.

15:

109.
112.
111.
253.

93.
253.
430.
253.
«497,
433,

297.

188,-
292.

190.

309 11 541. -

1,. 3. 14. 15. 260.

-1,3.
’-1911[1].

- 1.141323526726929130911327.

- 1,18·

· 2, 9.

- 2 lg

- 3, 8

- 3,14
ι- 3,13.

- 3, 33.

·- 5, 22. 27.
- 5, 30.

- 5, 35

- 5, 40

- 5, 46

- 3,.111.
·- 331 45. 51
- 6, 38.
- 6, 57.
· 7, 38.
- 8, 29·
- 3, 44.
- 8, 46.
- 8, 56. 58.
- 101 7. 9.
-1ο,3.
-13,11.
-13,11.1.
-11, 15.
- 11, 13 sq.
- 11, 26.

· 11, 42.
- 12, 7.

- 12,’32.

- 12, 36.

- 13. 34.

- 14, 6.

- 14, 9.
-11,11.
- 15, 5.

“ 15) 13.

259.
260,

265.
269,

291.
150.
29 11 291.
95.
160 11 326.
106.
247.
209.
160.
249.
269.
171.
259.
275.
171.
323.
283.
235
249.
182 11541.
542.

437
287

148.

239.

238.

239.

134.

291.

176.

295.

160. 287. 329 11542.
123.

329.

122 11 192.
41· -

111115, 19. 4.
- 13, 11.
-13,13.

- 1514.

-11,3.

- 17, 4. 6.

“ 175 5»

- 17, 11. 21.

-13,11.

- 20, 27.

- 20, 28.
-20, 31.

1,11.
- 1, 25.
- 2, 24.
3, 19.
- 3, 22.
- 410.
- 412.
¹· 4, 32.
- 5, 41.
- 7, 37.
- 151.
- 8, 32.
- 9, 5.
“ 10, 41.
- 10, 42.
- 11. 26.
· 12, 2,

- 13. 22.
“ 13, 50.
“ 14, 5118.
- 14, 6.
- 17, 25.
¹ 171 31.
“ 205 24,
“ 20, 29.
“ 29, 35.
- 21. 14.
- 24, 5.
· ‘26. 14.
' 26118.
- 26. 23.

-281314
Rom. 1,3
“ 1, 11.
“ 1517·
· 1,20.
- 1, 21.
“ 1,29-32.
·· 2, 4.
· 2, 21.
“ 2, 24.
“ 2, 29.
· 3. 22- 28.
· 4, 3.

Ὶ251 11 306.

- 4, 3. 11 sqq.

131. ’

343.
170.
329.
329.

93. 295 11308.

3290
259.
323.

¹ 258.
292.

292. ’

160.
293.
293.
52.
377.
122.
307.
72.
430.
41.
336.
307.
257.
307.
287.
188 11293.
106.

257.

65.

52.

52.

52.

99.

106 11 378.
, 255,
176.

6 11 48.
396.

200.

287.

430.

257.

213.

291.

211.

132,

488.

63.

81.

148 11 331.
133.

94.

76.

430.

 

