515 11, 55555555518 50 5015. IX. X. XI. Xll.

Δ35333 055 33323333 3333332, 3323 555 3333333333 33333, 5555 333223 3333323 3333
332323,2 3333 333333 33333 ξ33333 ως 55055 1555 5555555555555555· ‚5555
φοί 3332 05505 55655 05 3333333333 3323 3233333333 505 3333333 33332

X. 555055 555'50 5555 333 5555555555555, 55 50505 3333333333 33 3333
3333333333 33333 33333333

233333, 3233333333 3333, 33333333333 55 5555555 505 33333233, 505 333-
333333332 555559, ‘550 {55555555 5055 διώξωμεν 5555505 33233 3233333233, 33233
55555555 33333333 33333333, 33333333333333 555 3333333333 33233363, 5555
3333333333 5555 3333333333, 3323 3333233 3333333333 3 5555. 2Ε333 333 3333333 .
3333333 3333333333 55 3333333333 33233333 555 333333333333333332333
333 323333 3353333 55555555052, 33233333 3333333333 33333333 3233333333333,
333333 3333333 23333333 3333 5555 (2333333333,’2 33 33233 3333333323 333-333
5555. 2Α333333332 3333, 555555555'555 3333333332 555555 3333333333, 5055
0555 33333233 232333 33 3323333333 3233333333 5555’ 33 333 55505 550'505 33323333
323333333,33 3233333333 555 555 55' 3333333333 3333333333333333333 τας
3333333332 33333233, 332333 3333339233 55665555505655 33233 333333, 55505
33 333323 05 555505555 55555.

Xl. 33333333 3333333333 33333 5 05555555 5555 555555 1555, 55 5555 33333

3333333333 5555 333

Ἡμεῖς 0551 ἒν 3333333333 33333333 5555556055555 333 Θ33, 5555 56555555
3233333333· 32323333 3323 3333333333, 555 333 333333333333333333333]33333
333323 333 (5505, 3333333333] 32333333. Λέγει 3323333323 5 333 [3333333333
33333· ,33333323333331 3323333] 05 2333333333, 05 556555055555555] 33333333, 05
33333333· 3333333 555[5505]' 3333333333 5055 5555 333 3333 33333323 333 555 ,55‘55555
33223 33 3333333 ἒξ2 3333333 3333333633333 05555 5055555 33333333332. 233332333-
505 3333333332 3333333333 ξύλῳ ¹50553555555555505. Π333333 333 (333333-
,5555 3333 β333333ς’ 33333333, 333323 3333333 55555555, 33333 3333333233 333333333-
3333333. 0333333 5055 0 33333 3333 32333333333333 5505 5555555555' 333333 32333333
3333333333 33323 32333333άέ 233333, 3233333333 3333 33323 3333333333, 32333323
3333333332 3333333333, 5555 3333 555 3333333 3333333333 Π333ὸς
33233 33333 5 3333333333333323 333 3333333333 550555' 3333 33333333 3333
32333332 55505 2ΙΕ33 055 3333333333 33233 555550655555: 550555505 505 (33333,
55655'505555' εις 332333 βα 565555555 555505,5 555 555555555550 33233 ε’3333333333,2 ,3232
[3333]2 055 5505055‚ 0555 555555555 232333, 0555' 333 33333333 55555555

ί

32333333

2 XII. E5s55555 5555 3333 333333 55'5'5 33333 33333 555.

⁷E555555555505 055 555' 323333 3333 3333333333 505 (5505' 55 3333333
5555 555555065555, 3233333232 333 3232333332 5555 3323323333 3333 3333333333 505

633 15 5055 05 5555 5³5 ‹55551505.5511(55055·15501 55555551550505i1, ι3215, 33

[3333333 33333333, 3333333333 3133333333 3333333233 333 3333332333 555555 5505
555505 55555505. 5555 5505 133333333333331331

55 ΜιἹῑῙῙΗῗ 5555. 55505 ANON. 5 0. 323233333-

Cap. X. 5) 3333333333 3333333 333333- 333, 50155 333 ΑΝΘΝ,’ 1. 5. 3233 Θ3ό3.
5555550 5551n 555550555 005 C.05015 555- 333 ¹555, 5555 3333333133333333 555155:

· 33333,33333333333313332333233333333 63-31 055 ’5555 55555055) 555555 ἂν (5555

 

