2 111114441 111811111, Ι.

11161111610 6616111, 111111, 1111111 111 166111161111111,11111111111111111611166666666111111
111 116 661111116116 [16111161111116111611616, 616116 161111111111616166 611·
1161 1611116111 11161111 ,1111111611111111111161111111616111111111111111161161
611661111161111116,11 61111616 ergo 111116611116116161111611111111116111,111
1611166616 11111161·
, 11111 ’611 4411441111'11111011 , . , , 6166 1111116 1666111,1111111111111111,
............ 11111116 61111116 661116111,11’1166 111
. 1666116661111111 1111111141‚1 61111161611111 11111166161116
111161161111116611111111,1’1611111111116 11111 1616, 111 1111116116611611111111116111116-
11161666 1111111 6116111νὲ 1111111 661 116111661661611111111,
6111) 11111611.18
116661161611166611611111111611661111611111111111661166,1111111111616611611111
111116 1161111611111 1111111 11611111111611161· [1161111616 11111611111·1616116111111,
61111161611161 1161111161116 1111116 66116, 8166161116 [66111116 661,116116611116
611111116 66161161611111 111111 1111661116 11116111 11611 111111116111 1166161,
6611111111666161116,16111611611111161111661,1161111111166111111111111116116116-
166 61116.

11111161161116 signo 61116 611111 11161111116161, 1666616111, 16111111111116111161116116161111161,
111116 66111116111111616 111611611611116. 1116· 114444111111411141414114111¹¹ 611611616111111611
1111111611 11116 611 ,6611111116 111161111111111 11111111 6611111161 11·,611111111 0161116111 61 61116
61111 61166111, 66111111116116111111 111111116166111 111 1141'-

6116111161 161 1111 11116111, 61111 1111116, 611611111111116111161116111111111611111111611111,

161661111611111611611111161161111111616 111661116611111111111111111161116116616111,

(1116111, 4 21..) 11611616611111111161, 1161611161161111111116,161111111111166111 111-

1666.16111661611111116, 6111611161 1116166116111 1616111161, 61 111111116
11) 1, e. 111111111111116166111 611111111616111 1161116 111· 1661 1116111

1111611111111 6161116116’111111666111661111611

16) 611111111611161116611111,1111166111.
1111111116 11116111 11661611166111116111 6116111111 ,,,1,.11,,, W ,,,,,,1,, ...¹

16611116.
12) 16116 161116

11111116 1111611 16611 16111616 661161161111111111161111

111111111161161161. ,11611 ,1111 111 1111·
6111616161 111166 116· 11616111 1144411411 61111 1661 6111 1111111 61 66

1141'4111111 61 116116116611116 1116 61 ,616 116- -
4111114111¹ 61111111 6661 16111 111111 16661116

13)1, 6. 111 1116 111161,-
11611611161111111611. , 114411,1¹1¹1¹11
1116 61 1111111111 61166 1111111· 6111 1111116
16611111 111111111111111111. 81111111161116 111111
11111116 111 6111666116111111 1114111111111 6111111611
16161,1, 1111116 611111 ’

111166161111611 11,1111111·

’11) 111 6611116111111111 1161116 6161161116
61111111141121. 111.3,12,; 11111116-
111116 16111 11111,

13) [1111661 116111611111661611116 4411.
S41¹.11111 11111111 41111 161161,
1411111 141111144111.

211) 36661161 1616111116116116111111116116

, ,111111 111111 1111· 1161116116 1611116111, 111 1111111

. ,,11,1 1) 111661116111111116116111 11116, 1116111161611-

1116661, 111 1·
11116611 1111 16116, 6 11·116111,’ 16 1111 16611116-
116666 666616 11111 611111116116116 16 61111111
1111161111 16 111111 11111 1116116611111;’ 111 11116616
16116 61611116 16 61111111111111 1111111111111
111111, 6 16 8116111111 111 11161666116666,

14)11611111611111 1116111166116111
1611166.

]5)Ε1111 116166 411141 1 44111111 16 11611116
11116116611111·16111166111111111611111111111 1111161
611166 1114414 1116111, 11411144111111111111141'111
11 16 1111611 6116111611616 16611 161166111116
siguis 1 1611111116 segregantes 6611611111 111-41

, θ’ ,, 1,1,11116 ,111116 11) 1111116 6161111661 (1611111111 11116),

61 111166 6) 11111111 611111(66116111111111116116111
11166). 44.

11111 1611 11161166111611111 111111111111611.

22)11111 6 611111116111111661611611
111611,111116 ,116 11611661111161 11111116
11111111111111161611111111161116161111111 111-
611116 611 11116111 1161111111 61161111ἐ1 111
1111111111116111111111161661*1ἶ1111)1)11111111111
11666111161·6,111·,1·,1611113111116166]
6611611111 1161111166 1116181111, 32, 6111111116

441111'111114 11111 116 166 611111 611 11·111 11161611 6
23) 6111116111, 4, 4.

 

