111 1111 11111111111 GR. 1118. 111111.

15011111,111111111111111111111111111111111111111111111Ν1111111111
’11111111111111111011111111111111111,11111111111111Ν11111111111111
1111111 11111 1111111111111111111111111111111111,1111111111Η111111111111
11111111111111, 1111111 1111111111 1,1,11111111 11·111111111 1·11 0111101111 11111111111111
111111111·1·1111111111111111,01111111111111111111111111111111111111011.
111111111111111111(11·1111111.111,11.11111,.) 1111111111111111111111111111-
111111111111111111111111111111 01111 0110111111, 011111 01001111111111
1111,11Ν111111111111111111111111111,1111111111111111111111111111111
1111111’11111111111111111111111111111111111111110111111· 1, 100, 011111
11111111,1,1 120 011111 11111111 11, ”’112. 011111 εἰς 1111111111 11101 11, 212,
011111 1111111011 1,1 11111111 1101. 1111111111111111111111111111 11111111
11111111111111111111111111111111111·1111111111·1111111111111111111111111111-
11111111111111 111111111111111 1111111111·111111 1111111111111111 1111111111
1111111111111111111111,1111·11111111111111111111111111 111-11111111111111111111111
1111111111 11111111111111111111111111111111111111111111·111111111111111,
11111111111111 111111111101101111 1111111,10111110011,11,,111ς 101111 0111111111,
1011111111 111011(,1111111 1111010111. Ρ11,,) 011111 1110111‚1 1101111011,
11 01110111το 111111 11011 10 10111111, 0111011 10 10110111, 111111 111
1111111111111111111111111111111111·1100,01111 (Simonides 1111111 111111
1111 111111 1·11111111111 1101111111) 110 1011111, 0111111111 11(0111111111111
’ 1101111111), ἀντιλαμβάνετε (01111, 11001101 ) 0111111111, 111111 11111111 (8111
1111101101). Ρ11·11 1111111111111011111111111111(01111111111111111
1011111) ³11101111111101 (81111. 111111111111111) l1111110111: 11111111111 11-
1111111(111ἐξ1111110111111111111111111111111111111111111111111111111111111
111111111111111111111111 1111111 1111111 111111111111111111111111111111111 11111111 1111 «
1111111,1 11111111111111111111·111Η1111111111·1111111111111111111111111111111111
0111111111111·11111111111111111111110110111111011111011 11111111 La-
1111111111111111 1111111111 111,111111111111“ (11111111, ,,11111111111, ,,111-
111111111111111Ἣ)11111111111111111111·101111111111111111·111111111111-
111111111111 11111111111111111,11111111110111111110111111111111111111111-
111111111111111111111 G1¹1111 11111111111111111111 11111·11111111111111
Quid (1110 111 111111111111111 111111 1111111111 1111101101111 11111 εἰς
111011 1019 101 ’111 1111, 1,Π11111,111’1111 11111110111110111111110110, Τ11011
11111 11111111111111101111 1110 0110111,ζ111’111 101111 11110111 0101111, Ti
’11111 0 1111111111 1,10111 1101111111111110111 [1111111Ῑο 11111111 hi.s 110
1111010 10 1101110 11111 11111111110111111111101110111(1111 Ρ11.,11,11111-
111111111111111111111111111111011011101011111111111οξ111111111οπ1111-
1011110111(111,1 1111 „posui 111111111111111ὝἯ11111) 1010110 0111111
110111011001101111· ,,1111111111111111111111111,111,11“,11 11111111111111
11111111 11111111 01111111 1111111111 811111111111111111111111Η1111111111
011111 111111111111111111 11111111111111111111
, 1111111111111111111,1111111111111111111111111 1011 111111111111
11111111011111111111011111111111111111111111111111,111111111111111111111111
11111111 1111111111. ,110110 1111101111 11011111111011110111111111 1111110
11101111 111110ος 1101110 110111,111111111011011111111111110 1111111110
111111111011111111111111103112 0110111101, 111111Ἇ111110111 11111 111111

10) 11111111111111111111111 1111111 1111111 1111111 1111 111111111οε 1101111, 11111
011111, 11 0111111111 1111 εἷς 111111111 1111111 1110101111οκ 111111 ,,11

 

