358 IIXRVVRIIIII S IGIVXVII. X. XI XII. XIII XIV.

6666 11191 115119 1119511111, 11191 6996 51151111 195151115115115911111111ςᾶ11-
5111511119 1119111111 1151 51151111 15151111 1119111911 1191 69669'696666 παραινῶν
151115119111151 66666 1115111111 15551111,9 6666 666 666 6996'666 5151111511-
6666 696966666666696666 11115 696 51151111 51511 696666669 6996666666666.

XI 9011151 55 666 666 666969 66696 1111519119 11111111 666 11111911 699
6'666'666 11111551 51111111511111 666 5111151119 66 9999696 ἡγουμένους 151
1111111151 66666 111191 119111 66666667 666'669 66 111191 1111191 1151 1911191 Ρ151111
11111151, 66 1111191 1119111191 11111151511111 51111551111151115119ξον19111551591
1119111911 51515511111 τοῖς 6996669, 1555191 966969 66666666669 6966 5111- .
66696699996'6669 119111 59151111 ἑ111151551111,1115119111 6666669666699 66696 666
9696696‘69 1151511111 ,1115111199 111111 9966 666663 5111115511, 55111119111191-
11111 191151115ποῦ 1511151115 191111511519111191111 5111551111 66696 1151
5551511111,919155191 51191 666 6996'66, 5511111 6'6'99669, 5591111 πρὸς 151
6’96966666 666 5151111 666669'696.J Ἁ,ξι111 55 666 11511911 1911151111 666969666666
τῆς 5111115519 1111151111 51191151 9951111 1111111.

XII. 'I9666969‘ 6 666 '66696'969' 1115111111 11911 6'6 ’15111111115111515111
666 θεοῦ 5115111511, 1191 6'966996691' 66 9999 1511511111 6666 969 6966666, 11191
K99666² 95111115 X966669 666 996666 1511111115,ἕ11115111515111111111

5111511111 969696 9Ρ51111511· 19511 111191 6666 51111111 6'6 51511119951111159 5511199
111115, 6696 66966 11191 1111151111 1511115111 11151111 1911115191 1119111115, 11111511 9-966
11191111 9696669 111151 X96 66696 ’5111115115 51151111151111

⁷666 1555111111 151159 1111911111 66 5515191151 66 551155111111151111111,
5151115111911 5511111595191115 5511551191115111111111191111,151111555111111
1115 1511115911 666 1511515115 996 111191 15115511 11551111 151111Η9111115111
1151191 6666666699669 6666, 51511111 11911 151111151115111, 1511515151
11111 1911111115511111 5111515151. Φο551151111 969 1151 15111511 1511511111, 1115
1115115111 5151115111. ’11111151 669696'9 6’666 1111191111 1915195111· 1911115 55
5156115519 1111 606 1510159 1111111151, 6’66 6669 696669 966669666' 9666.

XIII. 0191119111 1511,5111151111111111111111,115511111151151111,
96'6669 515 111191 (5111911111 015 969' 1115 5555111 5511111151 1511151115
5111111151, 0666 ὑμεῖς. '666 6661 1111151111 666’ 6966, 19115 1115611111
θεοῦ· 1951551911151511115ς11111115ς11111,1115511991111111111111111 Π5ἑ11
519 966 6696696666 6666666669966 51115,1511911951111111151111991111111
191111,59111191151151111 χορὸς 1115111,1115511111 115 11111191 191 X966696 '-I9
1155511151 1915111111 Σ1111511ς9 6 5159151111ξ511111 1511155111 εἰς 515
111, 1511191 1511115151 666666 966669669996966666. 5515511 15 95151119 11115
666966 6969 6666, 919111 1519 1115151 5111155111111.

XIV 0551911111 55111151111111915115, 55551111 15511111 ’15519155
,1519511991111111111111555511111111511111511111111155151 Μ19119111111

...-.--..-,

5] 11111111. 56111 XII. I) 15511111119111 666. 666.
Cap. XI. 1] 5111511111 Ε. 99925951115111 1111.5Ε,11555111, 6066.

 

