386 S. 6066066161 11111111111111111111111111, u.

666176066,‘ 11111111 60 660069 11111 1111111111 11) 1111111 111,11111111)111
66000666066666609, 66606069 11111111·11111111,1111111 11111111111111111111111
1111111111 66669 111111111111111111111·111111111 es 111 1111111 11111111 11111
6666 111111111111111111111111111· 1111 medentes aduersus 0166166613
6616 6666606666 6'6 6660666 6666669 111111111111111111111111111111)111111-
1111111111111111111) ἐσμὲν 111111- 111,1111111111111111)111111 1111111
6609. Ei 066666666606066666606, 1111 811111111111111111111111111111),
6606 6606 6666, 1111111 06666 111 6661669 111111111111111111111,1111111111 111111
66666'666· 6666'60666 666 6666 606 1111111111,1 111111 1111111111111111111
666606 6660600' 60666 660666606, Dei 111111) su16u,66 11 ,omues 11111 =
6666 ,66666695 666 6601 606666666 6606 1111111111 1111111111 11111, 11 11111111-
66666666 606 X666606, 6066 ‘6'606006 quemque 1111 111111111111111111111
1111111111)111111111110111111 1111111 Sic 1111111 serviamus ilii
066 6666 6666066666 0666) 66660 1111111) 111111 11111111 11 1111111 1111111111, si·
1111111111, 6666666096606966669 111111111111111111,1111111111,11111
666666'60 0,60 606 οἵ 66666666606666606 uobis 11111111) 111 11111111111111111, 11
666669 1111111111),11111111111111, 1111111111, qui Domini 1111111 111-
1111111111ξ1111111111 1111111111 1111111111111111111111111111111111111,
666606 6666666 966666606 1111) 60 111 111111 11111111111111 est, se6161666s, 111111-
111 1111111111) 1131· 1111111 6066 11111111 1 1111111111 111111111 111·
1111111111111111111111111111111111111111111“111,11111111 1111111111
111111111111111111191111111111 1111111111111111111 11111111,1111 111111
,66606 06¹,ng 6606666039, 666063 111111111111111111111 11111111111111

6666666069.

11111111111111 11111111111111211)1111111111111111111111111111111111111 1111111111
11) 111111 1113111111 1111111111) 111111111111111111111111111111111), 11111111111111
111111111 11111111, 111111111511111 1111111 11111 1111111111111111111 Si erge 111111-
11111111·11111111111111,1111111111(1111111111,11111111111111111111111111111111111.111111ὓ
11111111111111 1111111 11111111111111111111 111111)11,11,1)1111111 11111111 111111)
11111111111111111101111111,11111111111111111111111111111111111111 1111111111 Sic
1111) serviamus ei 11111 11111111111111111 1111111111, 1111111111111111111111111)-
111111111111111111111 1111111111 1111111111, 11111111111111 11111111111111111111ῃ 1111111-
11111111111111111 1111111 iesu 0111·1111;111111111 1111111, 1111111111111 1111 6¹⁰ 11111-
11111,11111111111111111, 11 qui iu 11661001¹isiu1 1111111111 1111111111 1111111111,
qui 066066160 111111111111111111111111111.

,Μ

,11 (1111111111 C, 1111111111 1111111111). 0) 11 11111 1111 111111. 1111, 111111
11 1111111. 6, 16. 11. 11) 1111111 11111111 111111 vulg.

1111111. 66, 111. 16. 5) 111111 11111111 11 11111111 1111111
1111111111 11111ιύ1111 (11.11111111111111111 1111111111111111 11111111111

666666966, 60.09606 ,ἱ,,,,,,,, 616666R
1ιζ1111111111--111111111111111111111), 11111111111111 111111111111111111111111

..... 111 11111111 6¹¹666666 0111. 661. 1111
“⁰¹⁰² ¹¹ Lm& 18 ’Μ’ 14⁵ 15 111 10’1 1111111 ’111 1111111 111111 0111111 1111111111.

81τωῖ [1115111130111111111 111·11111111111111111ἶ,11
1))1·11,1,11.11Ε11111.1.; 1111),,,,,,

1111111111 666606666666666666666'6 11 11 ,1, 1,1 6166.
0) 1111111 1111111 Ρ11.

6) 1111111. 111. 111111 1111, 1111111111 11111111111111-
31 11 Ρ11. 11111. 1111111 1111111111). 11111111, ’

 

